V 54
K 1
D 0 -1016000 2286000 0
Y 1
U 1905000 762000 254000 0 2 3 REFDES=J?
U 1905000 508000 254000 0 2 3 DEVICE=53261-0571
U 1905000 254000 254000 0 2 0 PKG_TYPE=532610571TR250
U 1905000 0 254000 0 2 0 Description=Molex PICOBLADE Series, Series Number 53261, 1.25mm Pitch 5 Way 1 Row Right Angle PCB Header, Solder Termination, 1A
U 1905000 -254000 254000 0 2 0 Datasheet Link=https://www.molex.com/pdm_docs/sd/532610571_sd.pdf
U 1905000 -508000 254000 0 2 0 Height=3.4
U 1905000 -762000 254000 0 2 0 Mouser Part Number=538-53261-0571
U 1905000 -1016000 254000 0 2 0 Mouser Price/Stock=https://www.mouser.co.uk/ProductDetail/Molex/53261-0571?qs=Z4ettq%2Fvyk9tUNWvtq%2FUoA%3D%3D
U 1905000 -1270000 254000 0 2 0 Manufacturer_Name=Molex
U 1905000 -1524000 254000 0 2 0 Manufacturer_Part_Number=53261-0571
U 0 0 254000 0 1 0 FORWARD_PCB=1
l 5 508000 254000 1778000 254000 1778000 -1270000 508000 -1270000 508000 254000
|GRPHSTL -1 -1 -1 1
P 1 2286000 0 1778000 0 0 3 0
L 1701800 0 228600 0 8 0 1 0 1
A 1930400 50800 203200 0 3 3 #=1
A 0 0 9 0 3 0 PINTYPE=BI
P 2 2286000 -254000 1778000 -254000 0 3 0
L 1701800 -254000 228600 0 8 0 1 0 2
A 1930400 -203200 203200 0 3 3 #=2
A 0 0 9 0 3 0 PINTYPE=BI
P 3 2286000 -508000 1778000 -508000 0 3 0
L 1701800 -508000 228600 0 8 0 1 0 3
A 1930400 -457200 203200 0 3 3 #=3
A 0 0 9 0 3 0 PINTYPE=BI
P 4 2286000 -762000 1778000 -762000 0 3 0
L 1701800 -762000 228600 0 8 0 1 0 4
A 1930400 -711200 203200 0 3 3 #=4
A 0 0 9 0 3 0 PINTYPE=BI
P 5 2286000 -1016000 1778000 -1016000 0 3 0
L 1701800 -1016000 228600 0 8 0 1 0 5
A 1930400 -965200 203200 0 3 3 #=5
A 0 0 9 0 3 0 PINTYPE=BI
P 6 0 0 508000 0 0 2 0
L 584200 0 228600 0 2 0 1 0 MP1
A 355600 50800 203200 0 9 3 #=MP1
A 0 0 9 0 3 0 PINTYPE=BI
P 7 0 -254000 508000 -254000 0 2 0
L 584200 -254000 228600 0 2 0 1 0 MP2
A 355600 -203200 203200 0 9 3 #=MP2
A 0 0 9 0 3 0 PINTYPE=BI
E
